301
0.5000000   0.5000000   0.5000000
0.4916667   0.4916667   0.4916667
0.4833333   0.4833333   0.4833333
0.4750000   0.4750000   0.4750000
0.4666667   0.4666667   0.4666667
0.4583333   0.4583333   0.4583333
0.4500000   0.4500000   0.4500000
0.4416667   0.4416667   0.4416667
0.4333333   0.4333333   0.4333333
0.4250000   0.4250000   0.4250000
0.4166667   0.4166667   0.4166667
0.4083333   0.4083333   0.4083333
0.4000000   0.4000000   0.4000000
0.3916667   0.3916667   0.3916667
0.3833333   0.3833333   0.3833333
0.3750000   0.3750000   0.3750000
0.3666667   0.3666667   0.3666667
0.3583333   0.3583333   0.3583333
0.3500000   0.3500000   0.3500000
0.3416667   0.3416667   0.3416667
0.3333333   0.3333333   0.3333333
0.3250000   0.3250000   0.3250000
0.3166667   0.3166667   0.3166667
0.3083333   0.3083333   0.3083333
0.3000000   0.3000000   0.3000000
0.2916667   0.2916667   0.2916667
0.2833333   0.2833333   0.2833333
0.2750000   0.2750000   0.2750000
0.2666667   0.2666667   0.2666667
0.2583333   0.2583333   0.2583333
0.2500000   0.2500000   0.2500000
0.2416667   0.2416667   0.2416667
0.2333333   0.2333333   0.2333333
0.2250000   0.2250000   0.2250000
0.2166667   0.2166667   0.2166667
0.2083333   0.2083333   0.2083333
0.2000000   0.2000000   0.2000000
0.1916667   0.1916667   0.1916667
0.1833333   0.1833333   0.1833333
0.1750000   0.1750000   0.1750000
0.1666667   0.1666667   0.1666667
0.1583333   0.1583333   0.1583333
0.1500000   0.1500000   0.1500000
0.1416667   0.1416667   0.1416667
0.1333333   0.1333333   0.1333333
0.1250000   0.1250000   0.1250000
0.1166667   0.1166667   0.1166667
0.1083333   0.1083333   0.1083333
0.1000000   0.1000000   0.1000000
0.0916667   0.0916667   0.0916667
0.0833333   0.0833333   0.0833333
0.0750000   0.0750000   0.0750000
0.0666667   0.0666667   0.0666667
0.0583333   0.0583333   0.0583333
0.0500000   0.0500000   0.0500000
0.0416667   0.0416667   0.0416667
0.0333333   0.0333333   0.0333333
0.0250000   0.0250000   0.0250000
0.0166667   0.0166667   0.0166667
0.0083333   0.0083333   0.0083333
0.0000000   0.0000000   0.0000000
0.0083333   0.0000000   0.0083333
0.0166667   0.0000000   0.0166667
0.0250000   0.0000000   0.0250000
0.0333333   0.0000000   0.0333333
0.0416667   0.0000000   0.0416667
0.0500000   0.0000000   0.0500000
0.0583333   0.0000000   0.0583333
0.0666667   0.0000000   0.0666667
0.0750000   0.0000000   0.0750000
0.0833333   0.0000000   0.0833333
0.0916667   0.0000000   0.0916667
0.1000000   0.0000000   0.1000000
0.1083333   0.0000000   0.1083333
0.1166667   0.0000000   0.1166667
0.1250000   0.0000000   0.1250000
0.1333333   0.0000000   0.1333333
0.1416667   0.0000000   0.1416667
0.1500000   0.0000000   0.1500000
0.1583333   0.0000000   0.1583333
0.1666667   0.0000000   0.1666667
0.1750000   0.0000000   0.1750000
0.1833333   0.0000000   0.1833333
0.1916667   0.0000000   0.1916667
0.2000000   0.0000000   0.2000000
0.2083333   0.0000000   0.2083333
0.2166667   0.0000000   0.2166667
0.2250000   0.0000000   0.2250000
0.2333333   0.0000000   0.2333333
0.2416667   0.0000000   0.2416667
0.2500000   0.0000000   0.2500000
0.2583333   0.0000000   0.2583333
0.2666667   0.0000000   0.2666667
0.2750000   0.0000000   0.2750000
0.2833333   0.0000000   0.2833333
0.2916667   0.0000000   0.2916667
0.3000000   0.0000000   0.3000000
0.3083333   0.0000000   0.3083333
0.3166667   0.0000000   0.3166667
0.3250000   0.0000000   0.3250000
0.3333333   0.0000000   0.3333333
0.3416667   0.0000000   0.3416667
0.3500000   0.0000000   0.3500000
0.3583333   0.0000000   0.3583333
0.3666667   0.0000000   0.3666667
0.3750000   0.0000000   0.3750000
0.3833333   0.0000000   0.3833333
0.3916667   0.0000000   0.3916667
0.4000000   0.0000000   0.4000000
0.4083333   0.0000000   0.4083333
0.4166667   0.0000000   0.4166667
0.4250000   0.0000000   0.4250000
0.4333333   0.0000000   0.4333333
0.4416667   0.0000000   0.4416667
0.4500000   0.0000000   0.4500000
0.4583333   0.0000000   0.4583333
0.4666667   0.0000000   0.4666667
0.4750000   0.0000000   0.4750000
0.4833333   0.0000000   0.4833333
0.4916667   0.0000000   0.4916667
0.5000000   0.0000000   0.5000000
0.5000000   0.0041667   0.5041667
0.5000000   0.0083333   0.5083333
0.5000000   0.0125000   0.5125000
0.5000000   0.0166667   0.5166667
0.5000000   0.0208333   0.5208333
0.5000000   0.0250000   0.5250000
0.5000000   0.0291667   0.5291667
0.5000000   0.0333333   0.5333333
0.5000000   0.0375000   0.5375000
0.5000000   0.0416667   0.5416667
0.5000000   0.0458333   0.5458333
0.5000000   0.0500000   0.5500000
0.5000000   0.0541667   0.5541667
0.5000000   0.0583333   0.5583333
0.5000000   0.0625000   0.5625000
0.5000000   0.0666667   0.5666667
0.5000000   0.0708333   0.5708333
0.5000000   0.0750000   0.5750000
0.5000000   0.0791667   0.5791667
0.5000000   0.0833333   0.5833333
0.5000000   0.0875000   0.5875000
0.5000000   0.0916667   0.5916667
0.5000000   0.0958333   0.5958333
0.5000000   0.1000000   0.6000000
0.5000000   0.1041667   0.6041667
0.5000000   0.1083333   0.6083333
0.5000000   0.1125000   0.6125000
0.5000000   0.1166667   0.6166667
0.5000000   0.1208333   0.6208333
0.5000000   0.1250000   0.6250000
0.5000000   0.1291667   0.6291667
0.5000000   0.1333333   0.6333333
0.5000000   0.1375000   0.6375000
0.5000000   0.1416667   0.6416667
0.5000000   0.1458333   0.6458333
0.5000000   0.1500000   0.6500000
0.5000000   0.1541667   0.6541667
0.5000000   0.1583333   0.6583333
0.5000000   0.1625000   0.6625000
0.5000000   0.1666667   0.6666667
0.5000000   0.1708333   0.6708333
0.5000000   0.1750000   0.6750000
0.5000000   0.1791667   0.6791667
0.5000000   0.1833333   0.6833333
0.5000000   0.1875000   0.6875000
0.5000000   0.1916667   0.6916667
0.5000000   0.1958333   0.6958333
0.5000000   0.2000000   0.7000000
0.5000000   0.2041667   0.7041667
0.5000000   0.2083333   0.7083333
0.5000000   0.2125000   0.7125000
0.5000000   0.2166667   0.7166667
0.5000000   0.2208333   0.7208333
0.5000000   0.2250000   0.7250000
0.5000000   0.2291667   0.7291667
0.5000000   0.2333333   0.7333333
0.5000000   0.2375000   0.7375000
0.5000000   0.2416667   0.7416667
0.5000000   0.2458333   0.7458333
0.5000000   0.2500000   0.7500000
0.4979167   0.2520833   0.7500000
0.4958333   0.2541667   0.7500000
0.4937500   0.2562500   0.7500000
0.4916667   0.2583333   0.7500000
0.4895833   0.2604167   0.7500000
0.4875000   0.2625000   0.7500000
0.4854167   0.2645833   0.7500000
0.4833333   0.2666667   0.7500000
0.4812500   0.2687500   0.7500000
0.4791667   0.2708333   0.7500000
0.4770833   0.2729167   0.7500000
0.4750000   0.2750000   0.7500000
0.4729167   0.2770833   0.7500000
0.4708333   0.2791667   0.7500000
0.4687500   0.2812500   0.7500000
0.4666667   0.2833333   0.7500000
0.4645833   0.2854167   0.7500000
0.4625000   0.2875000   0.7500000
0.4604167   0.2895833   0.7500000
0.4583333   0.2916667   0.7500000
0.4562500   0.2937500   0.7500000
0.4541667   0.2958333   0.7500000
0.4520833   0.2979167   0.7500000
0.4500000   0.3000000   0.7500000
0.4479167   0.3020833   0.7500000
0.4458333   0.3041667   0.7500000
0.4437500   0.3062500   0.7500000
0.4416667   0.3083333   0.7500000
0.4395833   0.3104167   0.7500000
0.4375000   0.3125000   0.7500000
0.4354167   0.3145833   0.7500000
0.4333333   0.3166667   0.7500000
0.4312500   0.3187500   0.7500000
0.4291667   0.3208333   0.7500000
0.4270833   0.3229167   0.7500000
0.4250000   0.3250000   0.7500000
0.4229167   0.3270833   0.7500000
0.4208333   0.3291667   0.7500000
0.4187500   0.3312500   0.7500000
0.4166667   0.3333333   0.7500000
0.4145833   0.3354167   0.7500000
0.4125000   0.3375000   0.7500000
0.4104167   0.3395833   0.7500000
0.4083333   0.3416667   0.7500000
0.4062500   0.3437500   0.7500000
0.4041667   0.3458333   0.7500000
0.4020833   0.3479167   0.7500000
0.4000000   0.3500000   0.7500000
0.3979167   0.3520833   0.7500000
0.3958333   0.3541667   0.7500000
0.3937500   0.3562500   0.7500000
0.3916667   0.3583333   0.7500000
0.3895833   0.3604167   0.7500000
0.3875000   0.3625000   0.7500000
0.3854167   0.3645833   0.7500000
0.3833333   0.3666667   0.7500000
0.3812500   0.3687500   0.7500000
0.3791667   0.3708333   0.7500000
0.3770833   0.3729167   0.7500000
0.3750000   0.3750000   0.7500000
0.3687500   0.3687500   0.7375000
0.3625000   0.3625000   0.7250000
0.3562500   0.3562500   0.7125000
0.3500000   0.3500000   0.7000000
0.3437500   0.3437500   0.6875000
0.3375000   0.3375000   0.6750000
0.3312500   0.3312500   0.6625000
0.3250000   0.3250000   0.6500000
0.3187500   0.3187500   0.6375000
0.3125000   0.3125000   0.6250000
0.3062500   0.3062500   0.6125000
0.3000000   0.3000000   0.6000000
0.2937500   0.2937500   0.5875000
0.2875000   0.2875000   0.5750000
0.2812500   0.2812500   0.5625000
0.2750000   0.2750000   0.5500000
0.2687500   0.2687500   0.5375000
0.2625000   0.2625000   0.5250000
0.2562500   0.2562500   0.5125000
0.2500000   0.2500000   0.5000000
0.2437500   0.2437500   0.4875000
0.2375000   0.2375000   0.4750000
0.2312500   0.2312500   0.4625000
0.2250000   0.2250000   0.4500000
0.2187500   0.2187500   0.4375000
0.2125000   0.2125000   0.4250000
0.2062500   0.2062500   0.4125000
0.2000000   0.2000000   0.4000000
0.1937500   0.1937500   0.3875000
0.1875000   0.1875000   0.3750000
0.1812500   0.1812500   0.3625000
0.1750000   0.1750000   0.3500000
0.1687500   0.1687500   0.3375000
0.1625000   0.1625000   0.3250000
0.1562500   0.1562500   0.3125000
0.1500000   0.1500000   0.3000000
0.1437500   0.1437500   0.2875000
0.1375000   0.1375000   0.2750000
0.1312500   0.1312500   0.2625000
0.1250000   0.1250000   0.2500000
0.1187500   0.1187500   0.2375000
0.1125000   0.1125000   0.2250000
0.1062500   0.1062500   0.2125000
0.1000000   0.1000000   0.2000000
0.0937500   0.0937500   0.1875000
0.0875000   0.0875000   0.1750000
0.0812500   0.0812500   0.1625000
0.0750000   0.0750000   0.1500000
0.0687500   0.0687500   0.1375000
0.0625000   0.0625000   0.1250000
0.0562500   0.0562500   0.1125000
0.0500000   0.0500000   0.1000000
0.0437500   0.0437500   0.0875000
0.0375000   0.0375000   0.0750000
0.0312500   0.0312500   0.0625000
0.0250000   0.0250000   0.0500000
0.0187500   0.0187500   0.0375000
0.0125000   0.0125000   0.0250000
0.0062500   0.0062500   0.0125000
0.0000000   0.0000000   0.0000000
